0 0.43125 0.278125 0.3703125 0.475
0 0.34296875 0.73828125 0.4171875 0.5234375
0 0.60078125 0.5625 0.2140625 0.415625
0 0.8140625 0.24765625 0.0921875 0.11640625
0 0.72109375 0.13046875 0.0890625 0.10625
0 0.81015625 0.55625 0.07734375 0.11875
0 0.68125 0.04296875 0.08125 0.08359375
0 0.84609375 0.04375 0.08046875 0.08671875
0 0.78671875 0.1140625 0.05703125 0.096875
0 0.21640625 0.93046875 0.31640625 0.1390625
0 0.81328125 0.43671875 0.10078125 0.13125
0 0.1171875 0.63359375 0.0703125 0.0734375
0 0.58125 0.03515625 0.12109375 0.0703125
0 0.7140625 0.340625 0.0640625 0.09296875
0 0.60625 0.1765625 0.07421875 0.1109375
0 0.909375 0.1234375 0.08046875 0.09375