0 0.4453125 0.83125 0.16875 0.24609375
0 0.61875 0.84765625 0.14453125 0.296875
0 0.45078125 0.3828125 0.16796875 0.31796875
0 0.65703125 0.60234375 0.16484375 0.39140625
0 0.56171875 0.2125 0.14765625 0.36171875
0 0.20859375 0.28671875 0.125 0.22265625
0 0.4671875 0.60546875 0.15703125 0.2609375
0 0.28671875 0.13046875 0.1375 0.259375
0 0.325 0.27578125 0.1078125 0.20703125
0 0.496875 0.075 0.0859375 0.14140625
0 0.53125 0.94140625 0.12421875 0.1171875
0 0.3828125 0.04453125 0.1234375 0.08671875
0 0.3921875 0.8921875 0.05234375 0.08984375
0 0.42265625 0.70546875 0.0609375 0.06640625