0 0.29609375 0.25703125 0.12265625 0.090625
0 0.16484375 0.3890625 0.09453125 0.06953125
0 0.2046875 0.07421875 0.10625 0.1015625
0 0.9203125 0.384375 0.146875 0.0890625
0 0.77734375 0.27265625 0.09453125 0.05625
0 0.1015625 0.8265625 0.10546875 0.065625
0 0.75390625 0.20234375 0.14140625 0.08984375
0 0.8359375 0.25625 0.096875 0.05859375
0 0.20546875 0.425 0.1359375 0.08359375
0 0.05703125 0.3578125 0.0734375 0.04921875
0 0.96953125 0.74921875 0.0609375 0.0546875
0 0.95703125 0.2609375 0.0578125 0.06796875
0 0.22109375 0.9625 0.146875 0.07421875
0 0.4828125 0.9125 0.090625 0.05859375
0 0.0328125 0.8015625 0.06484375 0.059375
0 0.74453125 0.69375 0.071875 0.0546875
0 0.21796875 0.6046875 0.075 0.0578125
0 0.22421875 0.6578125 0.0734375 0.0421875
0 0.44296875 0.8265625 0.0640625 0.0421875