0 0.49921875 0.4828125 0.321875 0.2921875
0 0.13125 0.49296875 0.15234375 0.14140625
0 0.7375 0.309375 0.2015625 0.15390625
0 0.50234375 0.28359375 0.09609375 0.0921875
0 0.590625 0.75546875 0.15703125 0.14921875
0 0.74375 0.91328125 0.13828125 0.1296875
0 0.4515625 0.1515625 0.12265625 0.12421875
0 0.5390625 0.16328125 0.0859375 0.13046875
0 0.88359375 0.5296875 0.090625 0.090625
0 0.56796875 0.35 0.1109375 0.08203125
0 0.2515625 0.09921875 0.11875 0.11484375
0 0.85234375 0.896875 0.0703125 0.08203125
0 0.3953125 0.6609375 0.1046875 0.1046875
0 0.9703125 0.7171875 0.059375 0.096875
0 0.67265625 0.14296875 0.0484375 0.03515625
0 0.0390625 0.6171875 0.07734375 0.11875
0 0.42421875 0.775 0.0828125 0.075
0 0.96328125 0.5703125 0.0734375 0.07734375
0 0.67578125 0.26328125 0.06171875 0.06171875
0 0.1515625 0.07734375 0.0859375 0.09609375
0 0.9484375 0.14765625 0.09921875 0.05859375
0 0.809375 0.5296875 0.06171875 0.07421875
0 0.7484375 0.0484375 0.05234375 0.04609375
0 0.66328125 0.984375 0.0796875 0.03125