0 0.76015625 0.4625 0.1859375 0.3265625
0 0.20234375 0.24140625 0.13046875 0.24140625
0 0.45546875 0.803125 0.13984375 0.2484375
0 0.546875 0.68046875 0.175 0.36875
0 0.6140625 0.34765625 0.07421875 0.13515625
0 0.54765625 0.084375 0.1140625 0.16875
0 0.29765625 0.8796875 0.11328125 0.20625
0 0.56875 0.44375 0.05546875 0.1015625
0 0.1171875 0.4078125 0.03828125 0.06328125
0 0.89296875 0.2203125 0.06484375 0.1390625
0 0.4671875 0.146875 0.09375 0.1296875
0 0.4828125 0.2234375 0.08828125 0.12890625
0 0.33359375 0.390625 0.06328125 0.09296875
0 0.375 0.4765625 0.0859375 0.1484375
0 0.70703125 0.69453125 0.20078125 0.37109375
0 0.63359375 0.89765625 0.08046875 0.1296875
0 0.2359375 0.88046875 0.065625 0.15078125
0 0.26875 0.75625 0.06953125 0.125
0 0.48671875 0.37890625 0.1046875 0.175
0 0.6703125 0.5890625 0.06796875 0.13046875
0 0.3890625 0.92265625 0.0421875 0.06953125
0 0.58515625 0.48125 0.04765625 0.08828125
0 0.2265625 0.83359375 0.03984375 0.08203125
0 0.7125 0.62578125 0.0859375 0.115625
0 0.43828125 0.13125 0.04296875 0.09296875
0 0.15234375 0.50703125 0.053125 0.10078125
0 0.365625 0.72265625 0.08203125 0.140625
0 0.4515625 0.52265625 0.05859375 0.115625
0 0.83671875 0.03984375 0.078125 0.07578125