0 0.27734375 0.36328125 0.03671875 0.05859375
0 0.9421875 0.75 0.03046875 0.053125
0 0.840625 0.25234375 0.13359375 0.21953125
0 0.05625 0.5609375 0.0375 0.07890625
0 0.87578125 0.86875 0.02890625 0.05625
0 0.63984375 0.634375 0.04140625 0.07265625
0 0.16328125 0.68984375 0.04453125 0.06953125
0 0.23515625 0.46640625 0.125 0.20390625
0 0.7171875 0.66328125 0.04375 0.07421875
0 0.75 0.603125 0.0390625 0.084375
0 0.903125 0.8234375 0.03671875 0.0671875
0 0.66640625 0.5515625 0.03828125 0.0671875
0 0.95390625 0.24375 0.040625 0.0546875
0 0.25 0.34140625 0.03046875 0.05703125
0 0.15625 0.553125 0.046875 0.08046875
0 0.08359375 0.784375 0.0421875 0.08828125
0 0.234375 0.903125 0.04140625 0.07890625
0 0.9734375 0.815625 0.03984375 0.09375
0 0.9421875 0.88125 0.03515625 0.0671875
0 0.0921875 0.66640625 0.06015625 0.12265625
0 0.69296875 0.79921875 0.03203125 0.06484375
0 0.771875 0.925 0.04921875 0.07109375
0 0.43125 0.9234375 0.03828125 0.0640625
0 0.265625 0.89375 0.046875 0.1
0 0.74609375 0.8046875 0.0421875 0.07109375
0 0.10078125 0.02734375 0.03984375 0.05
0 0.40859375 0.08984375 0.05 0.14609375
0 0.44453125 0.3515625 0.1015625 0.1765625
0 0.1359375 0.503125 0.040625 0.07109375
0 0.68671875 0.8703125 0.0296875 0.05859375
0 0.16953125 0.1921875 0.0484375 0.08984375
0 0.02890625 0.503125 0.03828125 0.0796875
0 0.1359375 0.62421875 0.028125 0.04765625
0 0.72734375 0.7484375 0.02734375 0.05546875
0 0.01328125 0.46171875 0.025 0.0609375
0 0.665625 0.39453125 0.05859375 0.0765625
0 0.02578125 0.03828125 0.05 0.0734375
0 0.5046875 0.70625 0.10703125 0.1421875
0 0.78984375 0.83359375 0.05625 0.0890625
0 0.58359375 0.55703125 0.07890625 0.1859375
0 0.2078125 0.98359375 0.03828125 0.03203125
0 0.01015625 0.2765625 0.0203125 0.05390625
0 0.66015625 0.328125 0.06015625 0.0828125
0 0.6140625 0.87421875 0.0578125 0.07265625
0 0.70859375 0.48125 0.04140625 0.06953125
0 0.50703125 0.540625 0.134375 0.209375
0 0.95078125 0.1359375 0.09765625 0.25546875
0 0.65234375 0.04140625 0.0875 0.0828125