0 0.0921875 0.59296875 0.05 0.05234375
0 0.30703125 0.40859375 0.1390625 0.18515625
0 0.03984375 0.74375 0.04375 0.06015625
0 0.56328125 0.209375 0.0359375 0.05
0 0.23984375 0.540625 0.11328125 0.15546875
0 0.0953125 0.675 0.0484375 0.0640625
0 0.13515625 0.8 0.04765625 0.0671875
0 0.7484375 0.3984375 0.071875 0.09140625
0 0.8 0.4953125 0.065625 0.10625
0 0.6609375 0.05234375 0.08203125 0.1046875
0 0.0484375 0.96171875 0.08984375 0.0765625
0 0.01015625 0.6328125 0.0203125 0.05625
0 0.51875 0.2046875 0.028125 0.04296875