0 0.159375 0.57265625 0.059375 0.0859375
0 0.9578125 0.93984375 0.06171875 0.08828125
0 0.86875 0.07265625 0.02890625 0.03984375
0 0.6609375 0.42265625 0.034375 0.0453125
0 0.24609375 0.43046875 0.1953125 0.3
0 0.9484375 0.12890625 0.0265625 0.04140625
0 0.53515625 0.6125 0.0625 0.09296875
0 0.59609375 0.11953125 0.06171875 0.08359375
0 0.7984375 0.39921875 0.04140625 0.05078125
0 0.9 0.3203125 0.059375 0.07109375
0 0.7390625 0.60078125 0.05234375 0.08125
0 0.0546875 0.1453125 0.03515625 0.06484375
0 0.20625 0.825 0.03046875 0.0625
0 0.07734375 0.43984375 0.02734375 0.0515625
0 0.68515625 0.665625 0.0390625 0.06875
0 0.7171875 0.92578125 0.0609375 0.078125
0 0.81328125 0.5921875 0.0421875 0.06640625
0 0.8953125 0.6 0.0484375 0.06171875
0 0.83828125 0.6578125 0.03671875 0.06015625
0 0.278125 0.85234375 0.06328125 0.09453125
0 0.684375 0.7484375 0.03125 0.05078125
0 0.98515625 0.1359375 0.0296875 0.05078125
0 0.6578125 0.05625 0.03984375 0.0578125
0 0.978125 0.50078125 0.03203125 0.04921875
0 0.55859375 0.0328125 0.0703125 0.065625
0 0.9265625 0.98046875 0.02734375 0.0375
0 0.7875 0.609375 0.04609375 0.07578125
0 0.46484375 0.5796875 0.0359375 0.053125
0 0.96015625 0.3953125 0.05859375 0.09375
0 0.97421875 0.259375 0.05 0.08515625
0 0.74375 0.54140625 0.04609375 0.05625
0 0.8421875 0.5484375 0.04609375 0.06328125
0 0.79375 0.3203125 0.03359375 0.04765625
0 0.16796875 0.8375 0.046875 0.0640625
0 0.08125 0.1765625 0.02890625 0.0546875
0 0.6546875 0.384375 0.03984375 0.05078125
0 0.99140625 0.4 0.01640625 0.0625
0 0.87265625 0.02421875 0.0609375 0.0484375
0 0.24765625 0.25859375 0.1875 0.24140625