0 0.29375 0.6125 0.08125 0.11484375
0 0.596875 0.53203125 0.0796875 0.09921875
0 0.375 0.6328125 0.08984375 0.11484375
0 0.3265625 0.3265625 0.04921875 0.059375
0 0.640625 0.6375 0.05703125 0.0796875
0 0.12265625 0.4828125 0.0359375 0.046875
0 0.6625 0.54453125 0.0625 0.08359375
0 0.36875 0.70390625 0.06953125 0.07421875
0 0.66015625 0.796875 0.0296875 0.05078125
0 0.15390625 0.48671875 0.05 0.0609375
0 0.24921875 0.30625 0.053125 0.0765625
0 0.6203125 0.82734375 0.0546875 0.06484375
0 0.478125 0.5515625 0.06484375 0.07421875
0 0.25390625 0.2453125 0.0359375 0.0421875
0 0.03125 0.86953125 0.0625 0.071875
0 0.503125 0.2953125 0.05546875 0.05625
0 0.69609375 0.88984375 0.04140625 0.0328125
0 0.42109375 0.6921875 0.04453125 0.0640625
0 0.24921875 0.09921875 0.05546875 0.065625