0 0.82890625 0.23515625 0.2484375 0.396875
0 0.43984375 0.14375 0.05 0.07578125
0 0.89921875 0.72265625 0.2015625 0.4109375
0 0.7171875 0.6421875 0.04453125 0.1046875
0 0.24921875 0.6484375 0.06015625 0.09453125
0 0.0671875 0.64921875 0.01953125 0.0390625
0 0.11171875 0.678125 0.01953125 0.03984375
0 0.0796875 0.64921875 0.02109375 0.0390625
0 0.43671875 0.07421875 0.028125 0.05078125
0 0.06640625 0.68828125 0.0203125 0.0390625
0 0.67734375 0.6515625 0.02265625 0.059375
0 0.0984375 0.6546875 0.025 0.04453125
0 0.075 0.66953125 0.03203125 0.06640625
0 0.67421875 0.09765625 0.034375 0.0453125