0 0.62109375 0.8140625 0.08203125 0.06875
0 0.69375 0.265625 0.0421875 0.04609375
0 0.6234375 0.940625 0.0484375 0.04140625
0 0.4796875 0.75859375 0.0421875 0.0359375
0 0.4 0.13671875 0.075 0.07265625
0 0.94375 0.7859375 0.0875 0.08046875
0 0.45703125 0.0734375 0.0640625 0.06328125
0 0.86328125 0.17890625 0.09453125 0.07265625
0 0.6765625 0.38515625 0.03203125 0.0390625
0 0.65625 0.04765625 0.04453125 0.04765625
0 0.55859375 0.1265625 0.05625 0.0453125
0 0.57734375 0.07734375 0.06171875 0.05546875
0 0.59140625 0.19609375 0.05 0.04453125
0 0.9484375 0.2859375 0.103125 0.146875