0 0.12265625 0.61328125 0.165625 0.2859375
0 0.67734375 0.28984375 0.10546875 0.1453125
0 0.525 0.23671875 0.203125 0.32890625
0 0.6671875 0.9578125 0.05703125 0.08203125
0 0.45859375 0.56171875 0.18203125 0.30625
0 0.26484375 0.51953125 0.2171875 0.346875
0 0.959375 0.278125 0.08125 0.1625
0 0.771875 0.25234375 0.065625 0.08515625
0 0.71875 0.89921875 0.0734375 0.0984375
0 0.8359375 0.76640625 0.1046875 0.15703125
0 0.71953125 0.72109375 0.10703125 0.20546875
0 0.51875 0.9234375 0.07578125 0.121875
0 0.934375 0.6421875 0.10859375 0.15078125
0 0.58046875 0.8265625 0.0875 0.1078125
0 0.64375 0.77421875 0.0671875 0.1203125
0 0.6234375 0.865625 0.0875 0.12421875
0 0.8828125 0.17421875 0.2078125 0.2921875
0 0.54453125 0.7203125 0.10703125 0.14375
0 0.7375 0.12890625 0.11875 0.18515625