0 0.36328125 0.31484375 0.06875 0.12890625
0 0.6140625 0.37421875 0.1015625 0.1484375
0 0.80390625 0.3796875 0.08125 0.1203125
0 0.74609375 0.5359375 0.078125 0.1296875
0 0.27578125 0.8203125 0.03984375 0.05859375
0 0.5046875 0.6609375 0.02734375 0.034375
0 0.3734375 0.87109375 0.0375 0.04453125
0 0.20390625 0.59453125 0.0234375 0.0328125
0 0.1375 0.78203125 0.0328125 0.0359375
0 0.49296875 0.8578125 0.03125 0.03671875
0 0.1703125 0.909375 0.0359375 0.04453125
0 0.15703125 0.85703125 0.0328125 0.040625
0 0.12578125 0.86796875 0.03203125 0.04296875
0 0.76953125 0.878125 0.0296875 0.03515625
0 0.43203125 0.91640625 0.03359375 0.03828125
0 0.15390625 0.71015625 0.025 0.03203125
0 0.3328125 0.66328125 0.02734375 0.02890625
0 0.1625 0.6796875 0.0265625 0.0328125
0 0.72109375 0.91484375 0.03515625 0.034375
0 0.39140625 0.82734375 0.0203125 0.03125
0 0.615625 0.73203125 0.0265625 0.03125
0 0.615625 0.7609375 0.02421875 0.028125
0 0.090625 0.77890625 0.0328125 0.034375
0 0.478125 0.7421875 0.01875 0.02578125
0 0.39375 0.91875 0.028125 0.03046875
0 0.43203125 0.5734375 0.015625 0.02578125
0 0.4578125 0.85546875 0.0203125 0.02890625
0 0.5765625 0.73671875 0.0234375 0.03671875
0 0.4828125 0.92890625 0.03046875 0.0171875
0 0.75859375 0.65234375 0.02421875 0.0234375