0 0.84140625 0.83125 0.09375 0.1421875
0 0.7265625 0.86171875 0.11796875 0.18984375
0 0.6453125 0.13515625 0.06875 0.10625
0 0.4828125 0.53828125 0.1734375 0.2765625
0 0.0921875 0.51484375 0.12890625 0.2125
0 0.20546875 0.384375 0.06796875 0.08359375
0 0.7765625 0.64296875 0.11953125 0.20859375
0 0.23828125 0.0984375 0.16796875 0.19609375
0 0.33046875 0.3421875 0.17578125 0.26328125
0 0.753125 0.48359375 0.06015625 0.0640625
0 0.471875 0.26015625 0.05234375 0.08828125
0 0.29375 0.7609375 0.1625 0.2671875
0 0.9171875 0.53046875 0.05234375 0.06015625
0 0.6671875 0.25078125 0.06484375 0.10625
0 0.8265625 0.490625 0.05859375 0.084375
0 0.453125 0.671875 0.04609375 0.05625
0 0.97109375 0.77890625 0.0578125 0.1265625
0 0.11640625 0.07421875 0.07578125 0.07734375
0 0.8 0.971875 0.08203125 0.04765625
0 0.7 0.6375 0.046875 0.0703125
0 0.4859375 0.0390625 0.07421875 0.075
0 0.61953125 0.0359375 0.04609375 0.05546875