0 0.896875 0.25859375 0.15234375 0.20859375
0 0.85234375 0.83828125 0.13359375 0.18046875
0 0.80703125 0.24140625 0.0375 0.0609375
0 0.28828125 0.465625 0.1546875 0.27109375
0 0.38671875 0.46328125 0.17265625 0.253125
0 0.51875 0.40546875 0.10546875 0.19765625
0 0.59453125 0.75703125 0.18828125 0.25625
0 0.41015625 0.684375 0.16015625 0.22578125
0 0.46796875 0.346875 0.05 0.10078125
0 0.96796875 0.7671875 0.06328125 0.12578125
0 0.971875 0.63828125 0.05546875 0.16953125
0 0.62421875 0.5953125 0.04453125 0.1015625
0 0.7140625 0.559375 0.196875 0.26796875