0 0.528125 0.33125 0.1484375 0.2234375
0 0.13359375 0.72421875 0.11875 0.14921875
0 0.4484375 0.08046875 0.15390625 0.1609375
0 0.93203125 0.43046875 0.134375 0.2046875
0 0.74140625 0.8171875 0.1609375 0.21953125
0 0.64140625 0.15078125 0.1203125 0.16484375
0 0.25703125 0.26015625 0.1046875 0.1359375
0 0.44296875 0.34296875 0.09609375 0.16875
0 0.26640625 0.0734375 0.11875 0.146875
0 0.065625 0.90625 0.0875 0.1140625
0 0.06171875 0.63984375 0.10859375 0.1546875
0 0.853125 0.490625 0.096875 0.14140625
0 0.75078125 0.05703125 0.13359375 0.11328125
0 0.0328125 0.38359375 0.06484375 0.11953125
0 0.365625 0.08125 0.08828125 0.16015625
0 0.8390625 0.57890625 0.10078125 0.08828125
0 0.2375 0.35390625 0.08984375 0.0984375
0 0.59921875 0.05390625 0.1515625 0.10703125
0 0.95390625 0.08828125 0.0921875 0.1765625
0 0.18828125 0.95390625 0.078125 0.0921875
0 0.87265625 0.86640625 0.08203125 0.1078125
0 0.02109375 0.79296875 0.04140625 0.10625