0 0.4953125 0.48203125 0.0953125 0.1359375
0 0.80390625 0.19453125 0.05390625 0.07265625
0 0.89453125 0.80234375 0.05546875 0.084375
0 0.8 0.9015625 0.0625 0.09375
0 0.40234375 0.8671875 0.02890625 0.0453125
0 0.7359375 0.34296875 0.02265625 0.03671875
0 0.75078125 0.30078125 0.04921875 0.0859375
0 0.85703125 0.1796875 0.0640625 0.08828125
0 0.44765625 0.8578125 0.028125 0.03671875
0 0.88203125 0.3828125 0.053125 0.0703125
0 0.9765625 0.52421875 0.04375 0.078125
0 0.84296875 0.57890625 0.05 0.071875
0 0.6203125 0.465625 0.04453125 0.04921875
0 0.7265625 0.446875 0.06796875 0.08359375
0 0.528125 0.77890625 0.03046875 0.04296875
0 0.85859375 0.3015625 0.053125 0.0671875
0 0.41328125 0.9328125 0.03671875 0.06328125
0 0.95078125 0.4234375 0.0421875 0.0625
0 0.0484375 0.57421875 0.0265625 0.0421875