0 0.7890625 0.37421875 0.0359375 0.06796875
0 0.8328125 0.34296875 0.0328125 0.05546875
0 0.85703125 0.33984375 0.08046875 0.0796875
0 0.06640625 0.46171875 0.04296875 0.0671875
0 0.0203125 0.51640625 0.040625 0.0609375
0 0.03515625 0.4546875 0.04609375 0.06875
0 0.53359375 0.28984375 0.16328125 0.22890625
0 0.64453125 0.421875 0.14296875 0.21328125
0 0.06953125 0.53125 0.04140625 0.05625
0 0.1640625 0.38671875 0.06796875 0.10078125
0 0.1328125 0.59375 0.040625 0.053125
0 0.84609375 0.584375 0.16953125 0.240625
0 0.1640625 0.53515625 0.06328125 0.09296875
0 0.13671875 0.70390625 0.06484375 0.0953125
0 0.03828125 0.56953125 0.05703125 0.06796875
0 0.43984375 0.5140625 0.0578125 0.10546875
0 0.234375 0.5890625 0.07578125 0.10546875
0 0.384375 0.74609375 0.08671875 0.14453125
0 0.5203125 0.84609375 0.146875 0.134375
0 0.1859375 0.63359375 0.05859375 0.08828125
0 0.7921875 0.43984375 0.06328125 0.1015625
0 0.70234375 0.584375 0.07265625 0.18984375
0 0.378125 0.52265625 0.065625 0.07890625
0 0.11875 0.4328125 0.05625 0.09375
0 0.2890625 0.57109375 0.0515625 0.0859375
0 0.32578125 0.32734375 0.05234375 0.07734375